1	1	0	0	1
1	2	0	0	2
1	3	1	2	1
1	4	1	2	2
1	5	1	2	1
1	6	1	2	2
1	7	1	2	1
1	8	1	2	2
1	9	1	2	1
1	10	1	2	2
1	11	0	0	1
1	12	11	10	2
1	13	11	10	1
1	14	11	10	1
1	15	11	10	2
2	1	0	0	1
2	2	0	0	2
2	3	1	2	1
2	4	1	2	2
2	5	1	2	1
2	6	1	2	2
2	7	1	2	1
2	8	1	2	2
2	9	1	2	1
2	10	1	2	2
2	11	0	0	1
2	12	11	10	2
2	13	11	10	1
2	14	11	10	1
2	15	11	10	2
3	1	0	0	1
3	2	0	0	2
3	3	1	2	1
3	4	1	2	2
3	5	1	2	1
3	6	1	2	2
3	7	1	2	1
3	8	1	2	2
3	9	1	2	1
3	10	1	2	2
3	11	0	0	1
3	12	11	10	2
3	13	11	10	1
3	14	11	10	1
3	15	11	10	2
4	1	0	0	1
4	2	0	0	2
4	3	1	2	1
4	4	1	2	2
4	5	1	2	1
4	6	1	2	2
4	7	1	2	1
4	8	1	2	2
4	9	1	2	1
4	10	1	2	2
4	11	0	0	1
4	12	11	10	2
4	13	11	10	1
4	14	11	10	1
4	15	11	10	2
5	1	0	0	1
5	2	0	0	2
5	3	1	2	1
5	4	1	2	2
5	5	1	2	1
5	6	1	2	2
5	7	1	2	1
5	8	1	2	2
5	9	1	2	1
5	10	1	2	2
5	11	0	0	1
5	12	11	10	2
5	13	11	10	1
5	14	11	10	1
5	15	11	10	2
6	1	0	0	1
6	2	0	0	2
6	3	1	2	1
6	4	1	2	2
6	5	1	2	1
6	6	1	2	2
6	7	1	2	1
6	8	1	2	2
6	9	1	2	1
6	10	1	2	2
6	11	0	0	1
6	12	11	10	2
6	13	11	10	1
6	14	11	10	1
6	15	11	10	2
